idpc_25x25x15625.idpc
Total_time : 6164.5246052742 secsonds
Average_time : 205.48415350914001 secsonds
