idpc_20x40x26104.idpc
Total_time : 4048.6711468696594 secsonds
Average_time : 134.95570489565532 secsonds
