idpc_20x20x8000.idpc
Total_time : 3233.727102279663 secsonds
Average_time : 107.7909034093221 secsonds
