idpc_15x30x12111.idpc
Total_time : 1181.1813786029816 secsonds
Average_time : 39.372712620099385 secsonds
