idpc_10x20x2713.idpc
Total_time : 366.6630711555481 secsonds
Average_time : 12.222102371851603 secsonds
