idpc_20x40x26104.idpc
Total_time : 4522.246962547302 secsonds
Average_time : 150.7415654182434 secsonds
