idpc_10x20x2713.idpc
Total_time : 401.5046012401581 secsonds
Average_time : 13.38348670800527 secsonds
