idpc_20x10x2492.idpc
Total_time : 3233.727102279663 secsonds
Average_time : 107.7909034093221 secsonds
