idpc_25x50x57147.idpc
Total_time : 7364.138564109802 secsonds
Average_time : 245.47128547032673 secsonds
