idpc_15x15x3375.idpc
Total_time : 1039.409613609314 secsonds
Average_time : 34.64698712031046 secsonds
