idpc_25x50x57147.idpc
Total_time : 6164.5246052742 secsonds
Average_time : 205.48415350914001 secsonds
