idpc_25x25x15625.idpc
Total_time : 4541.785965681076 secsonds
Average_time : 151.39286552270252 secsonds
