idpc_15x30x12111.idpc
Total_time : 1039.409613609314 secsonds
Average_time : 34.64698712031046 secsonds
