idpc_20x10x2492.idpc
Total_time : 1495.2240443229675 secsonds
Average_time : 49.84080147743225 secsonds
