idpc_15x7x1504.idpc
Total_time : 1495.2240443229675 secsonds
Average_time : 49.84080147743225 secsonds
