idpc_10x10x1000.idpc
Total_time : 344.5469286441803 secsonds
Average_time : 11.484897621472676 secsonds
