idpc_10x5x425.idpc
Total_time : 727.8171427249908 secsonds
Average_time : 24.26057142416636 secsonds
