idpc_70x35x120810.idpc
total_time: 8108.763360738754 secsonds
average_time: 270.29211202462517 secsonds