idpc_50x25x38961.idpc
total_time: 147.99581336975098 secsonds
average_time: 4.933193778991699 secsonds