idpc_60x120x434337.idpc
total_time: 6064.190011262894 secsonds
average_time: 202.13966704209645 secsonds