idpc_80x160x1490468.idpc
total_time: 28814.803913116455 secsonds
average_time: 960.4934637705485 secsonds