idpc_100x100x1000000.idpc
total_time: 28549.747941493988 secsonds
average_time: 951.6582647164663 secsonds