idpc_70x140x923343.idpc
total_time: 8058.743414878845 secsonds
average_time: 268.6247804959615 secsonds