idpc_50x25x38961.idpc
total_time: 7607.793961524963 secsonds
average_time: 253.5931320508321 secsonds