idpc_100x200x2296097.idpc
total_time: 18589.70438838005 secsonds
average_time: 619.6568129460017 secsonds