idpc_90x90x729000.idpc
total_time: 29245.98678302765 secsonds
average_time: 974.8662261009216 secsonds