idpc_90x45x260195.idpc
total_time: 23070.253371953964 secsonds
average_time: 769.0084457317988 secsonds