idpc_60x30x99470.idpc
total_time: 5894.476665496826 secsonds
average_time: 196.48255551656086 secsonds