idpc_100x50x461319.idpc
total_time: 28093.326797008514 secsonds
average_time: 936.4442265669505 secsonds