idpc_80x80x512000.idpc
total_time: 28085.01297402382 secsonds
average_time: 936.1670991341273 secsonds