idpc_50x100x285357.idpc
total_time: 7606.968378067017 secsonds
average_time: 253.5656126022339 secsonds