idpc_70x70x343000.idpc
total_time: 7938.570791959763 secsonds
average_time: 264.6190263986588 secsonds