idpc_80x40x175762.idpc
total_time: 26772.42269229889 secsonds
average_time: 892.4140897432964 secsonds