idpc_90x180x1644367.idpc
total_time: 23626.7225253582 secsonds
average_time: 787.55741751194 secsonds