idpc_50x50x125000.idpc
total_time: 7615.800202846527 secsonds
average_time: 253.8600067615509 secsonds