idpc_60x60x216000.idpc
total_time: 5976.918707609177 secsonds
average_time: 199.23062358697254 secsonds